Level 1: 
Weights: 0.010000,0.019930,0.010000,0.010000,0.010000,0.036455,0.025258,0.018318,0.010000,0.015461,0.010000,0.016067,0.039224,0.030035,0.033896,0.010000,0.010000,0.014737,0.018318,0.018318,0.010000,0.010000,0.010000,0.010000,0.020197,0.031524,0.017419,0.010000,0.016067,0.016067,0.010000,0.019930,0.021200,0.010000,0.010000,0.025258,0.021200,0.018318,0.010000,0.036715,0.012682,0.012682,0.010000,0.010000,0.010000,0.010000,0.021200,0.026788,0.023969,0.010000,0.010000,0.026788,0.010000,0.010000,
Biases: 0.010000,0.010000,0.010000,0.010000,0.010000,0.010000,0.010000,0.010000,0.010000,0.010000,0.010000,0.010000,0.010000,0.010000,0.010000,0.010000,0.010000,0.010000,0.010000,0.010000,0.010000,0.010000,0.010000,0.010000,0.010000,0.010000,0.010000,0.010000,0.010000,0.010000,0.010000,0.010000,0.010000,0.010000,0.010000,0.010000,0.010000,0.010000,0.010000,0.010000,0.010000,0.010000,0.010000,0.010000,0.010000,0.010000,0.010000,0.010000,0.010000,0.010000,0.010000,0.010000,0.010000,0.010000,
Level 2: 
Weights: 0.419000,0.419000,0.419000,0.419000,0.419000,0.419000,0.419000,0.419000,0.419000,0.419000,0.419000,0.419000,0.419000,0.419000,0.419000,0.419000,0.419000,0.419000,0.419000,0.419000,0.419000,0.419000,0.419000,0.419000,0.419000,0.419000,0.419000,0.419000,0.419000,0.419000,
Biases: 0.702862,0.702862,0.702862,0.702862,0.702862,0.702862,0.702862,0.702862,0.702862,0.702862,0.702862,0.702862,0.702862,0.702862,0.702862,0.702862,0.702862,0.702862,0.702862,0.702862,0.702862,0.702862,0.702862,0.702862,0.702862,0.702862,0.702862,0.702862,0.702862,0.702862,
Level 3: 
Weights: 2.966972,2.966972,2.966972,2.966972,2.966972,2.966972,2.966972,2.966972,2.966972,2.966972,2.966972,2.966972,2.966972,2.966972,2.966972,
Biases: 2.966972,2.966972,2.966972,2.966972,2.966972,2.966972,2.966972,2.966972,2.966972,2.966972,2.966972,2.966972,2.966972,2.966972,2.966972,
